1078989729628550
4812003714786258
9737388520834184
2973066287656003
4015926655072714
6999199593229732
5008092942844153
2422490836174594
1397392075394017
7900356071046936
2569114755496581
6080651189096179
8561250228510696
7447517746012373
7397150052059395
5315749589886622
4767820338885515
4378078337343660
2716399192923821
8250739581958385
9038719096395773
8149955436222196
5895725625196178
9922792912017424
7617235844474462
4668070841633275
6942430435924937
0873865581940415
4173759561785422
0484301470869929
5044729970415674
2167844919087855
2862541276328123
4586191595479425
8938691250105531
6570414652748276
6622866489872495
3371681684015977
2179327647405825
3543701977842617
0305314055748919
6634942642715078
1243406113215995
3170456217759382
3096834848521445
2587493210100062
8730206395789661
0951090463905443
4645143236851727
6308020405306553
4521120823922283
7908949948976515
5770976001832230
4246191484462366
2869680994075940
0750160286058633
2176215981291453
