6080651189096179
3543701977842617
2569114755496581
1078989729628550
1243406113215995
4767820338885515
6999199593229732
8730206395789661
4042606185829036
4015926655072714
2422490836174594
4173759561785422
3371681684015977
7617235844474462
6308020405306553
2869680994075940
8561250228510696
1397392075394017
8938691250105531
4378078337343660
2167844919087855
8250739581958385
0750160286058633
9038719096395773
5008092942844153
0951090463905443
4668070841633275
8983036322060446
5895725625196178
2179327647405825
7549065613060257
3096834848521445
5502166367883378
4586191595479425
5770976001832230
2176215981291453
2973066287656003
7900356071046936
2716399192923821
6622866489872495
7447517746012373
9737388520834184
