0.0 0.0 0.0 0.0 0.0 0.0 47.0 0.0 0.0 0.0 0.0 0.0 0.0 0.0 0.0 0.0 
0.0 0.0 0.0 7.83333333333 0.0 0.0 0.0 0.0 0.0 0.0 0.0 0.0 0.0 1.33333333333 0.333333333333 0.5 
0.0 0.0 0.0 0.0 0.0 0.0 0.0 0.0 0.0 0.0 0.0 0.0 0.0 0.0 0.0 0.0 
0.0 7.83333333333 0.0 0.0 0.0 0.5 0.0 0.0 0.0 0.0 0.5 0.0 0.0 6.33333333333 1.33333333333 0.5 
0.0 0.0 0.0 0.0 0.0 0.0 0.0 0.0 0.0 0.0 0.0 0.0 0.0 1.0 0.0 0.0 
0.0 0.0 0.0 0.5 0.0 0.0 0.0 0.0 1.5 0.0 0.0 0.0 0.0 0.5 0.5 2.0 
47.0 0.0 0.0 0.0 0.0 0.0 0.0 0.0 0.0 0.0 0.0 0.0 0.0 0.0 0.0 0.0 
0.0 0.0 0.0 0.0 0.0 0.0 0.0 0.0 0.0 0.0 0.0 3.0 0.0 1.0 0.0 0.0 
0.0 0.0 0.0 0.0 0.0 1.5 0.0 0.0 0.0 0.0 1.5 0.0 0.0 0.0 10.0 0.0 
0.0 0.0 0.0 0.0 0.0 0.0 0.0 0.0 0.0 0.0 0.0 0.0 0.0 0.0 0.0 0.0 
0.0 0.0 0.0 0.5 0.0 0.0 0.0 0.0 1.5 0.0 0.0 0.5 0.0 0.0 2.0 0.5 
0.0 0.0 0.0 0.0 0.0 0.0 0.0 3.0 0.0 0.0 0.5 0.0 0.0 0.0 0.0 0.5 
0.0 0.0 0.0 0.0 0.0 0.0 0.0 0.0 0.0 0.0 0.0 0.0 0.0 0.0 0.0 0.0 
0.0 1.33333333333 0.0 6.33333333333 1.0 0.5 0.0 1.0 0.0 0.0 0.0 0.0 0.0 0.0 3.83333333333 0.0 
0.0 0.333333333333 0.0 1.33333333333 0.0 0.5 0.0 0.0 10.0 0.0 2.0 0.0 0.0 3.83333333333 0.0 7.0 
0.0 0.5 0.0 0.5 0.0 2.0 0.0 0.0 0.0 0.0 0.5 0.5 0.0 0.0 7.0 0.0 
