9810071055429520
3865509948244113
8541300824726765
2271791377630135
7485033466151357
1240524125195883
4677018389843570
3954392711895505
8566259644383407
2748784494506992
6948978538525902
7285201409452706
1605291530127961
5502166367883378
4321016867381686
1097116584108933
5703134477270057
8419466384639432
3562894103432242
3947236556269933
1124723727014056
2771110663508173
7456992068208495
5304087106182241
3909565521056729
3814644086526267
2582175054709315
6726184334650537
9332695146676005
8730206395789661
5358468857406274
9265816017041787
1222831899978586
4846913032594688
8955841750619237
2805349172281345
8605390761610217
8047468338638949
7843193682220661
3931352391928336
1696467778255755
5260675744157348
5895725625196178
8172268916379302
4928010993251094
2720071363421505
7413789572473298
1478716998145060
8239963408522016
3371681684015977
5968682154600734
0279948129445518
7612021195469807
4302742485642568
0738504713908524
2973066287656003
8194466311190528
8765654291752368
9818158094479517
6333407087554681
0862875373666656
4767820338885515
2753110936126480
2142724645968004
4756623498592279
5584081933697323
0255842237150640
0885317156356022
6466300269003304
7504828623664542
4392077368620764
8891798660939692
9466801408291152
2576669354131086
3583921436364162
6404643744960977
4963825852843234
1530363715825171
1702129470925410
1289512724651335
8489224293656754
4653146743419854
8911997926160686
3071161194098217
6999199593229732
7481128465396350
6756450118042081
5494153258022130
3613965385810622
6129986220432684
1654244432585076
5373845785326215
2422948458848411
5249988916470136
1977121411791179
8287822645857688
6677652514776940
4634141963744880
2547992760033797
4580930402938344
9908470479241512
6534701632531477
1628234149440268
4575013676379643
0247250750660163
4586191595479425
8130751854152402
5227607797902724
7187621548033434
5270141650315822
3017292130810807
6861890992609511
1366749248543749
2626644337183959
5216071377519451
1273897555934871
7643216999108223
4948477421625867
1919216351906120
6868773742105583
5701835537993757
2874224561484272
4825985900425353
1816656842564165
3154952927126817
2999260721209420
5468544925219093
0750160286058633
8550161853747323
0327037150655150
7081512949222824
2528428382024202
8483302804878294
5810590382751514
1318786714866523
0085807234948518
8707221037446629
3213024046053380
3270615314717988
3318871716111536
4881906567884280
9814972564961630
5040367887223414
1243406113215995
4697744522508146
6886506429524577
2942461081571505
8596797726170008
3409568755516453
8671649752936793
4215225925783359
0218218521065874
8359275630999379
4022163649905256
0909335645315779
0807620820501966
9276283906184782
0397650550472531
5880094378598699
8769149706765157
9737388520834184
6100803512265162
0828599421701934
7040531448584052
3849158091593085
6969855749872267
5128999197534002
5445869592199028
8136982369660456
0261521983113987
0066221022421420
1354568178951081
2274571722446102
9978695550202841
8561250228510696
0666418873090095
0022988322449627
4707652576890116
5770976001832230
9132293826250839
7267986439060445
6929312070167544
9935816803391043
8154218244924846
4013863029082905
8794027237744673
4386678736137816
6567358787940265
9524894169629954
7252959688681950
6898188197618037
7262400979987734
7327617106070962
3139929105219822
3917442229515637
9291398329256011
1234630357325796
1334067868887991
2869680994075940
1326208248333993
3830933394256323
1290050244488926
5731629067470106
8952196044903176
8298663599011575
7185137483134515
6963447973536648
0148916978758197
4720599663991480
1624195775146303
1600254292081372
4421757350255150
0203667980247686
6563502795523383
0901114206038528
5856039123388319
1053515336191104
6358009621640820
3146063061089997
7058302916368332
2074204018746366
3879935393431243
0194999097605374
3595370223986516
2422490836174594
8014601030787702
7427255516158352
7799441763950977
8923151427142434
6431604484267256
7927657074640167
4894348284939500
3164221401108609
1228731401794557
5165468182852557
6168874444913647
9572153585186869
7450433597868881
5008092942844153
5581322712159667
2176215981291453
2681872780230938
4276915532600415
1971162952144273
6696595608123341
6869198419648078
2656804839083572
6962236459954318
0809795245116090
6309225172752964
3399488325797270
5470847912414965
3085986187491645
4582469605692794
2559452477987318
7804294399545595
0748351484132354
2412122898426467
1311501835612173
8157858526322556
2812138285118897
2633347857093639
3309838473036498
9120469242192458
2410638877807926
1397392075394017
6000841234985815
0900173884647980
3541875837862021
9457543286045091
1976491943464607
4646424965040385
5869512204939975
3966706536722543
1335352882504801
6113050315847697
9039283386176018
2571118228946592
3602476790054326
9404945858555096
1899593371962327
6568615406054840
6214233322537821
6172876924112178
9139627826291890
1258462708935794
1294858392509342
9595958451853477
0472025175096194
6940005523953094
4701741882075303
6184441187108029
6234025640524218
7631260793749668
3922340227653226
3740884971193945
8692948387211118
1556747955062837
0050470888521501
2027716412211033
1459280165439962
6420338928006265
7900356071046936
6053858102044507
7296738132699154
1351665997987413
5452385625669684
2200666022396617
2633061250020749
5441508721821143
6437959556217825
8250739581958385
5522973267242686
0854537808958651
0251635447680441
0876778928084550
5990189383563490
0621382505832223
7841920613878729
3026771014535770
0863671225784924
5449448657729439
4718823259148176
7939017634049710
0533357429795905
8071463042145605
5853810883451344
7979125909536389
3167458244674160
9272701729969514
1816405488761557
7800041240818025
7716018904442218
3434875455344412
2631400227750333
9361572259697122
1326889373237464
4260111082051182
4711995880378271
8227308100597217
4104540501908410
4649660104722379
3086078831572707
4175148208512640
1655584135166288
3113351036180940
9038719096395773
4917843873626040
4194232523045398
4173759561785422
5530638975120211
8315050867901045
6570414652748276
0111027969427704
5548799845411781
4819493317308583
6948012049409006
5840621182000517
3358813075155118
9496835605175510
6552913556583647
6080651189096179
6767760159280554
7438731527952746
4042606185829036
2641092585379638
8539467307802752
1848762046601687
7572350828300648
1102058162102340
6261877082189807
6622866489872495
4789833220655099
7538211324097974
2192310329330578
4378078337343660
0070301370900129
0951090463905443
0074522485800784
4320367144812616
3104369029830651
2993173987424895
7047511177688460
2483797682443241
4584816963337269
7543412180447077
2234463053019457
6549915989408326
9939615898968415
7297132781950557
8416940033553735
9303372770390061
6965029890444626
8857762690154994
8075726836651130
1677381318244861
7549065613060257
1639271932432686
1078989729628550
8423023700274987
5336623781494423
3907615898011202
0409191661974117
4015926655072714
6859237856102958
1187054890219757
6551823966288661
8883177723491246
1851302263869091
6308020405306553
0614524019382645
8466752738430250
1335988505539518
2167844919087855
5242440649066569
4340320479845494
7891922615544621
6862227969295030
1169473420708631
6949879982808858
6790519914616118
8600241678607829
9412695665696268
6419707804402097
8323119013116586
0732247743349726
5037351891228028
7447517746012373
1465535132385058
4572625669922885
5251101886854675
4098806109226531
8612340815622413
8113458651532118
3004502388905443
1027496814443777
0624627292189127
2716399192923821
9926427437369371
7617235844474462
4769727508932728
7927677363163702
5750233882652910
2834403735297272
5938231344208787
1908652343736926
2779533900388369
0763948174052925
4505138524062254
8983036322060446
6515399745840330
0079099947922025
6842072916153866
2862541276328123
3946924872595089
9630565579525425
7171386978447730
1350927691320769
6923854629071804
7737833809468759
6685732086553190
