0.0 0.0 0.0 0.0 0.9125 0.0 0.0 0.0 0.0 0.0 0.0875 0.0 0.0 
0.0 0.0 0.0 0.0 0.0 0.0 0.0 0.0 0.0 0.0 0.0 0.0 0.0 
0.0 0.0 0.0 0.0 0.0 0.0 0.0 0.0 0.0 0.0 0.0 0.0 0.0 
0.0 0.0 0.0 0.0 0.0 0.0 0.5 0.0 0.0 0.333333333333 0.0 0.166666666667 0.0 
0.935897435897 0.0 0.0 0.0 0.0 0.0 0.0 0.0 0.0 0.0 0.0641025641026 0.0 0.0 
0.0 0.0 0.0 0.0 0.0 0.0 0.0 0.0 0.5 0.5 0.0 0.0 0.0 
0.0 0.0 0.0 0.15 0.0 0.0 0.0 0.15 0.0 0.0 0.0 0.7 0.0 
0.0 0.0 0.0 0.0 0.0 0.0 0.5 0.0 0.0 0.0 0.0 0.5 0.0 
0.0 0.0 0.0 0.0 0.0 1.0 0.0 0.0 0.0 0.0 0.0 0.0 0.0 
0.0 0.0 0.0 0.142857142857 0.0 0.142857142857 0.0 0.0 0.0 0.0 0.0 0.714285714286 0.0 
0.583333333333 0.0 0.0 0.0 0.416666666667 0.0 0.0 0.0 0.0 0.0 0.0 0.0 0.0 
0.0 0.0 0.0 0.0263157894737 0.0 0.0 0.368421052632 0.0789473684211 0.0 0.263157894737 0.0 0.0 0.263157894737 
0.0 0.0 0.0 0.0 0.0 0.0 0.0 0.0 0.0 0.0 0.0 1.0 0.0 
